[1 0 0 0 0 0 0 0 0 0 0 0 0 0 0 0 0 0 0 0 0 0 0 0 0 0 0 0 0 0 0 0 0 0 0 0 0 0 0 0 0 0 0 0 0 0 0 0 1 0 0 1 0 1 0 1 1 1 1 1 1 1 1 0 0 0 0 0 1 0 1 1 0 1 1 1 1 0 0 1 1 1 0 1 0 0 0 0 0 0 0 0 1 0 0 1 0 0 1 0 0 1 0 0 0 1 0 0 0 1 1 1 1 1 0 0 1 1 0 0 0 1 1 0 1 0 0 1 1 0 0 0 0 0 1 0 0 1 1 0 0 0]
[0 1 0 0 0 0 0 0 0 0 0 0 0 0 0 0 0 0 0 0 0 0 0 0 0 0 0 0 0 0 0 0 0 0 0 0 0 0 0 0 0 0 0 0 0 0 0 0 1 0 0 0 1 1 0 1 1 1 1 1 1 0 0 0 1 1 1 1 1 0 1 0 1 1 0 0 0 1 1 1 1 1 0 1 0 0 0 1 0 1 1 0 0 1 0 1 0 0 1 0 0 0 0 0 1 1 1 0 0 0 1 0 1 1 0 1 1 0 0 1 1 1 1 0 0 1 0 0 0 1 1 0 0 0 0 1 1 1 1 0 1 0]
[0 0 1 0 0 0 0 0 0 0 0 0 0 0 0 0 0 0 0 0 0 0 0 0 0 0 0 0 0 0 0 0 0 0 0 0 0 0 0 0 0 0 0 0 0 0 0 0 0 0 0 1 0 1 1 1 1 0 0 0 1 1 0 0 0 0 1 0 0 0 0 1 1 1 0 1 0 0 0 1 1 1 0 1 1 0 1 1 0 0 0 0 0 0 1 0 0 0 1 0 1 0 1 1 0 1 0 1 0 1 1 0 0 0 0 0 0 1 1 0 0 1 0 0 0 1 0 1 1 1 0 1 0 1 0 1 0 1 0 1 0 0]
[0 0 0 1 0 0 0 0 0 0 0 0 0 0 0 0 0 0 0 0 0 0 0 0 0 0 0 0 0 0 0 0 0 0 0 0 0 0 0 0 0 0 0 0 0 0 0 0 1 1 1 1 0 0 1 1 1 1 0 0 0 0 0 0 0 0 1 1 1 1 0 0 0 1 0 0 0 0 1 1 1 1 0 0 0 1 0 0 1 0 1 1 1 0 0 1 1 0 0 0 1 1 1 0 0 1 1 0 0 1 1 1 0 0 0 1 0 0 0 1 0 0 0 1 0 1 1 0 1 1 1 1 0 0 1 0 0 0 0 1 1 0]
[0 0 0 0 1 0 0 0 0 0 0 0 0 0 0 0 0 0 0 0 0 0 0 0 0 0 0 0 0 0 0 0 0 0 0 0 0 0 0 0 0 0 0 0 0 0 0 0 0 1 1 1 1 0 0 1 0 1 1 0 1 0 1 0 0 0 1 1 0 1 1 1 1 1 1 0 0 0 0 1 0 0 0 1 1 1 0 1 1 0 1 0 1 1 0 1 1 1 1 0 1 0 1 1 0 0 0 1 0 1 1 0 0 1 0 0 1 0 0 0 1 0 1 1 1 1 0 1 0 0 1 0 0 0 0 0 1 1 0 0 0 1]
[0 0 0 0 0 1 0 0 0 0 0 0 0 0 0 0 0 0 0 0 0 0 0 0 0 0 0 0 0 0 0 0 0 0 0 0 0 0 0 0 0 0 0 0 0 0 0 0 1 1 0 0 1 1 0 1 0 0 1 1 0 1 1 0 0 0 0 0 1 0 1 0 1 0 1 0 0 0 1 1 0 0 1 1 1 1 1 1 0 0 0 1 0 1 1 0 0 1 0 0 1 1 1 1 1 0 0 1 0 0 1 0 0 1 1 1 1 0 0 1 0 1 1 0 0 1 0 1 0 0 1 1 1 1 0 0 0 0 1 0 0 0]
[0 0 0 0 0 0 1 0 0 0 0 0 0 0 0 0 0 0 0 0 0 0 0 0 0 0 0 0 0 0 0 0 0 0 0 0 0 0 0 0 0 0 0 0 0 0 0 0 1 0 1 0 0 1 0 0 1 0 0 0 1 0 1 0 1 1 1 0 0 0 0 1 0 0 1 1 0 0 0 0 0 1 1 1 0 1 0 0 0 0 1 0 0 0 0 0 0 0 1 1 0 0 0 1 1 1 0 0 0 1 0 1 1 0 1 1 1 0 0 0 0 1 0 1 0 1 0 1 0 0 1 0 1 1 0 0 0 1 1 1 1 0]
[0 0 0 0 0 0 0 1 0 0 0 0 0 0 0 0 0 0 0 0 0 0 0 0 0 0 0 0 0 0 0 0 0 0 0 0 0 0 0 0 0 0 0 0 0 0 0 0 1 0 0 0 0 0 1 1 0 0 0 0 1 0 1 1 0 1 0 0 0 0 1 1 0 0 0 1 0 0 0 0 0 1 1 1 0 0 0 0 0 1 1 1 0 0 1 0 1 1 0 1 1 1 0 0 1 1 1 1 1 1 0 0 1 0 1 0 0 1 0 0 0 1 0 0 1 1 1 0 0 1 0 0 1 1 1 1 0 1 0 1 0 0]
[0 0 0 0 0 0 0 0 1 0 0 0 0 0 0 0 0 0 0 0 0 0 0 0 0 0 0 0 0 0 0 0 0 0 0 0 0 0 0 0 0 0 0 0 0 0 0 0 1 1 0 0 0 1 0 1 0 1 1 0 0 1 0 1 0 1 1 1 1 1 1 0 1 1 0 0 0 0 1 0 1 1 1 0 0 1 0 0 1 1 1 0 1 1 1 0 0 1 0 1 1 1 0 0 0 0 0 0 1 0 0 0 1 0 1 0 1 0 1 1 1 1 1 0 1 1 1 1 0 1 0 1 0 1 0 1 0 0 0 1 0 0]
[0 0 0 0 0 0 0 0 0 1 0 0 0 0 0 0 0 0 0 0 0 0 0 0 0 0 0 0 0 0 0 0 0 0 0 0 0 0 0 0 0 0 0 0 0 0 0 0 1 1 1 1 1 1 1 1 1 1 0 1 0 1 1 0 1 0 1 1 1 0 1 1 0 1 1 1 1 0 0 0 1 1 0 0 0 0 0 1 1 1 0 0 0 1 1 1 1 0 0 1 1 1 1 0 0 0 0 1 1 0 1 0 0 0 1 0 0 1 1 1 1 1 1 0 0 0 1 0 1 1 1 1 1 0 0 1 1 0 0 1 0 0]
[0 0 0 0 0 0 0 0 0 0 1 0 0 0 0 0 0 0 0 0 0 0 0 0 0 0 0 0 0 0 0 0 0 0 0 0 0 0 0 0 0 0 0 0 0 0 0 0 0 0 0 0 0 1 1 0 0 1 1 0 0 1 0 1 1 0 0 0 0 1 1 1 0 1 1 1 1 0 0 0 0 1 0 0 0 1 1 0 1 1 1 0 0 0 1 0 1 1 0 0 0 1 0 0 0 1 1 1 0 1 1 1 0 0 0 1 0 0 1 1 1 1 0 0 0 0 1 0 0 1 1 1 1 0 0 0 0 0 1 1 1 1]
[0 0 0 0 0 0 0 0 0 0 0 1 0 0 0 0 0 0 0 0 0 0 0 0 0 0 0 0 0 0 0 0 0 0 0 0 0 0 0 0 0 0 0 0 0 0 0 0 0 1 1 1 0 0 1 0 0 0 1 1 1 0 1 0 1 1 1 0 1 0 0 0 1 0 1 0 0 0 0 1 0 1 0 0 0 1 0 0 1 0 1 0 1 0 1 0 1 1 0 1 0 0 0 1 0 1 1 1 0 1 1 0 1 1 1 1 0 0 1 1 1 0 0 1 1 1 0 1 1 0 1 1 1 1 0 0 1 1 1 1 1 1]
[0 0 0 0 0 0 0 0 0 0 0 0 1 0 0 0 0 0 0 0 0 0 0 0 0 0 0 0 0 0 0 0 0 0 0 0 0 0 0 0 0 0 0 0 0 0 0 0 1 0 0 1 1 1 0 1 0 0 1 0 1 0 0 0 0 0 1 1 0 0 0 0 0 0 1 0 1 1 0 0 1 1 1 0 1 0 1 0 0 1 1 1 1 1 1 0 0 0 1 0 0 0 1 0 1 1 1 1 1 0 0 1 0 0 0 0 0 1 1 0 0 1 1 0 0 1 0 0 1 1 1 1 1 1 1 1 0 0 0 0 1 0]
[0 0 0 0 0 0 0 0 0 0 0 0 0 1 0 0 0 0 0 0 0 0 0 0 0 0 0 0 0 0 0 0 0 0 0 0 0 0 0 0 0 0 0 0 0 0 0 0 0 0 1 1 1 0 0 0 0 1 0 1 0 0 0 1 1 1 0 1 0 1 0 0 1 1 1 1 0 1 1 0 1 1 1 1 1 1 0 0 0 1 1 0 1 1 0 0 0 1 1 1 0 0 0 1 1 1 0 1 1 1 0 1 1 1 1 0 0 0 0 1 1 0 1 0 1 0 1 0 1 0 0 1 0 0 0 1 0 1 1 1 0 0]
[0 0 0 0 0 0 0 0 0 0 0 0 0 0 1 0 0 0 0 0 0 0 0 0 0 0 0 0 0 0 0 0 0 0 0 0 0 0 0 0 0 0 0 0 0 0 0 0 1 0 0 1 0 1 1 0 1 1 0 1 1 0 0 1 1 0 1 0 0 0 0 1 1 1 1 1 0 1 1 1 1 0 0 1 0 1 0 1 0 0 1 1 1 0 0 0 1 1 1 0 1 1 0 0 0 1 0 0 1 0 1 0 0 1 0 1 1 1 1 0 1 1 1 1 0 1 0 0 1 0 1 0 0 1 1 0 0 0 0 0 0 1]
[0 0 0 0 0 0 0 0 0 0 0 0 0 0 0 1 0 0 0 0 0 0 0 0 0 0 0 0 0 0 0 0 0 0 0 0 0 0 0 0 0 0 0 0 0 0 0 0 0 1 0 1 1 0 1 0 0 1 0 0 1 0 0 0 0 1 1 1 0 0 1 0 1 0 1 1 1 1 0 0 0 0 0 1 0 1 0 0 0 0 1 0 1 0 0 1 1 0 1 1 0 1 0 0 0 1 0 0 1 0 0 0 1 0 0 0 0 0 0 1 1 1 1 1 0 0 0 0 1 0 1 0 0 1 0 0 1 1 1 0 0 1]
[0 0 0 0 0 0 0 0 0 0 0 0 0 0 0 0 1 0 0 0 0 0 0 0 0 0 0 0 0 0 0 0 0 0 0 0 0 0 0 0 0 0 0 0 0 0 0 0 0 1 1 1 1 0 0 1 0 1 1 0 0 0 0 0 0 1 1 0 1 0 0 1 0 0 0 1 1 1 1 0 0 0 0 0 0 0 1 1 0 0 0 1 1 0 0 0 1 0 0 0 1 1 0 0 1 1 0 1 0 0 1 1 1 0 1 1 1 0 0 1 0 1 0 1 0 0 0 0 0 0 0 0 0 0 1 0 0 1 0 1 0 0]
[0 0 0 0 0 0 0 0 0 0 0 0 0 0 0 0 0 1 0 0 0 0 0 0 0 0 0 0 0 0 0 0 0 0 0 0 0 0 0 0 0 0 0 0 0 0 0 0 0 0 1 0 0 0 1 0 1 0 1 0 0 0 0 1 1 0 1 0 1 0 0 0 0 1 1 1 1 0 1 1 0 1 1 1 0 1 0 0 0 0 0 0 0 0 0 0 0 0 0 1 1 1 0 0 0 1 0 0 0 0 1 1 1 0 0 1 1 0 0 0 0 0 1 1 1 0 1 1 1 1 1 0 1 0 1 0 0 0 0 1 0 0]
[0 0 0 0 0 0 0 0 0 0 0 0 0 0 0 0 0 0 1 0 0 0 0 0 0 0 0 0 0 0 0 0 0 0 0 0 0 0 0 0 0 0 0 0 0 0 0 0 0 1 1 0 1 0 0 0 1 0 1 1 0 1 1 1 0 0 1 0 0 0 0 0 1 0 1 1 0 1 0 1 0 1 1 1 0 0 0 0 1 0 0 1 0 0 0 1 1 1 0 0 1 1 0 0 1 1 0 1 0 0 1 1 1 0 0 1 0 0 0 1 1 0 1 0 1 0 1 0 0 0 1 0 1 0 0 0 0 0 1 0 1 1]
[0 0 0 0 0 0 0 0 0 0 0 0 0 0 0 0 0 0 0 1 0 0 0 0 0 0 0 0 0 0 0 0 0 0 0 0 0 0 0 0 0 0 0 0 0 0 0 0 1 0 0 0 1 1 0 1 1 1 1 1 1 1 0 0 0 0 1 0 1 1 0 0 0 1 1 1 0 0 0 1 0 0 0 1 0 0 0 1 0 0 0 1 1 1 1 1 0 0 0 1 0 0 0 1 0 0 0 0 1 1 1 0 0 1 0 1 1 0 1 1 1 0 0 1 0 1 1 1 1 1 0 1 0 0 0 0 1 1 1 1 0 0]
[0 0 0 0 0 0 0 0 0 0 0 0 0 0 0 0 0 0 0 0 1 0 0 0 0 0 0 0 0 0 0 0 0 0 0 0 0 0 0 0 0 0 0 0 0 0 0 0 1 0 0 0 1 0 1 0 0 1 1 0 1 1 1 0 0 0 0 1 0 1 1 1 1 1 0 1 0 1 1 0 1 1 1 0 1 1 1 1 0 0 1 0 1 0 0 0 1 0 1 0 0 0 1 0 1 1 0 1 1 0 0 1 0 1 0 1 1 0 0 1 0 0 0 0 0 0 1 0 1 0 0 1 0 0 1 1 1 0 1 1 1 0]
[0 0 0 0 0 0 0 0 0 0 0 0 0 0 0 0 0 0 0 0 0 1 0 0 0 0 0 0 0 0 0 0 0 0 0 0 0 0 0 0 0 0 0 0 0 0 0 0 1 1 1 0 0 1 0 1 1 1 0 0 0 0 1 0 1 1 0 1 1 0 0 0 0 1 0 1 0 0 1 0 0 0 0 1 1 1 0 0 1 1 1 1 1 0 1 0 0 0 1 1 1 0 1 0 1 0 1 1 1 0 0 1 0 1 0 0 0 1 0 0 1 0 1 0 1 1 1 1 1 0 0 0 0 1 1 0 1 1 1 0 0 1]
[0 0 0 0 0 0 0 0 0 0 0 0 0 0 0 0 0 0 0 0 0 0 1 0 0 0 0 0 0 0 0 0 0 0 0 0 0 0 0 0 0 0 0 0 0 0 0 0 1 0 1 1 1 0 0 1 1 1 1 1 1 1 1 0 1 0 0 0 0 0 0 0 0 1 1 0 1 0 0 1 1 0 0 0 0 1 0 1 0 1 0 1 1 1 0 1 0 1 0 0 0 0 1 0 1 0 1 0 1 1 1 0 1 1 1 0 0 1 1 0 1 0 1 1 0 0 0 1 0 1 1 0 0 0 0 0 1 0 0 0 0 1]
[0 0 0 0 0 0 0 0 0 0 0 0 0 0 0 0 0 0 0 0 0 0 0 1 0 0 0 0 0 0 0 0 0 0 0 0 0 0 0 0 0 0 0 0 0 0 0 0 0 1 1 1 0 1 1 1 1 0 0 0 0 0 1 0 1 1 1 0 1 1 1 1 0 0 1 1 0 0 0 1 1 0 0 1 1 0 0 1 1 1 1 1 1 1 1 1 0 1 1 1 0 1 0 1 1 1 1 0 1 1 1 1 0 1 0 0 0 1 0 0 0 1 0 0 1 0 0 1 0 0 1 1 0 0 1 1 1 1 1 0 1 0]
[0 0 0 0 0 0 0 0 0 0 0 0 0 0 0 0 0 0 0 0 0 0 0 0 1 0 0 0 0 0 0 0 0 0 0 0 0 0 0 0 0 0 0 0 0 0 0 0 0 1 0 0 0 1 0 0 1 0 0 1 0 1 1 0 1 0 0 1 1 0 1 0 0 0 1 1 1 1 0 1 0 1 0 1 1 1 1 1 1 0 1 0 0 0 1 0 0 1 0 1 1 0 0 1 0 1 0 1 0 1 1 0 1 1 1 0 0 1 1 1 1 1 0 0 0 1 1 1 1 1 1 1 1 1 0 0 1 1 1 1 1 1]
[0 0 0 0 0 0 0 0 0 0 0 0 0 0 0 0 0 0 0 0 0 0 0 0 0 1 0 0 0 0 0 0 0 0 0 0 0 0 0 0 0 0 0 0 0 0 0 0 0 1 1 1 1 1 0 0 1 0 1 0 0 1 1 0 1 0 1 1 0 1 0 0 0 0 0 1 0 0 0 0 1 1 1 0 1 0 1 1 0 1 0 0 0 0 0 1 1 0 1 1 1 0 0 0 1 1 1 1 0 0 1 0 1 1 0 0 0 1 1 0 1 1 1 1 0 1 0 1 0 0 1 0 0 1 1 0 1 1 0 0 1 0]
[0 0 0 0 0 0 0 0 0 0 0 0 0 0 0 0 0 0 0 0 0 0 0 0 0 0 1 0 0 0 0 0 0 0 0 0 0 0 0 0 0 0 0 0 0 0 0 0 0 0 0 1 0 0 0 1 0 1 1 0 1 1 0 0 0 0 0 1 1 0 0 1 1 0 0 0 1 0 1 1 0 0 1 0 1 0 0 0 0 1 1 1 0 1 1 1 0 1 0 0 1 1 0 1 1 1 0 0 0 1 0 0 0 1 0 0 1 1 1 1 1 0 1 1 1 1 1 0 0 1 1 0 0 0 1 0 1 1 1 1 1 0]
[0 0 0 0 0 0 0 0 0 0 0 0 0 0 0 0 0 0 0 0 0 0 0 0 0 0 0 1 0 0 0 0 0 0 0 0 0 0 0 0 0 0 0 0 0 0 0 0 1 0 0 0 0 0 1 1 1 0 0 1 1 1 1 0 1 0 0 0 0 1 0 1 1 0 1 0 0 0 0 1 1 0 0 0 0 0 1 1 0 0 0 0 1 0 1 1 0 1 0 1 0 0 0 1 0 1 1 0 1 0 1 0 1 1 0 1 0 1 1 0 0 0 0 1 1 1 0 1 1 1 0 1 1 0 1 1 1 1 1 1 0 1]
[0 0 0 0 0 0 0 0 0 0 0 0 0 0 0 0 0 0 0 0 0 0 0 0 0 0 0 0 1 0 0 0 0 0 0 0 0 0 0 0 0 0 0 0 0 0 0 0 1 0 0 1 0 1 1 1 1 0 0 1 1 1 1 1 0 0 0 1 0 1 0 1 1 0 1 0 0 0 0 0 1 0 0 1 0 0 1 0 1 0 0 1 0 0 0 0 0 1 0 1 1 1 1 0 0 0 1 0 1 1 0 1 0 0 0 1 1 1 1 1 1 0 0 0 0 0 0 0 0 1 0 0 1 1 1 0 0 0 1 1 0 0]
[0 0 0 0 0 0 0 0 0 0 0 0 0 0 0 0 0 0 0 0 0 0 0 0 0 0 0 0 0 1 0 0 0 0 0 0 0 0 0 0 0 0 0 0 0 0 0 0 0 0 0 0 0 0 1 1 0 0 0 1 0 1 1 0 1 0 1 1 0 0 1 0 0 0 0 1 1 0 1 1 1 1 1 0 1 1 0 1 0 1 0 1 0 0 0 1 0 1 1 0 1 0 1 1 1 1 0 0 0 1 1 1 1 0 1 1 0 1 1 1 1 1 0 0 0 0 0 0 0 0 0 1 1 1 0 0 1 0 0 0 1 1]
[0 0 0 0 0 0 0 0 0 0 0 0 0 0 0 0 0 0 0 0 0 0 0 0 0 0 0 0 0 0 1 0 0 0 0 0 0 0 0 0 0 0 0 0 0 0 0 0 1 0 1 0 1 0 0 1 1 1 0 0 1 0 1 0 0 0 1 0 1 1 1 0 1 0 1 0 0 0 0 0 1 0 1 1 0 0 0 0 0 0 1 0 1 0 0 0 0 0 0 1 0 1 1 1 0 1 1 0 1 1 1 1 0 0 0 1 1 1 0 1 0 0 0 0 0 1 0 0 1 0 0 1 1 0 0 1 1 1 1 0 0 0]
[0 0 0 0 0 0 0 0 0 0 0 0 0 0 0 0 0 0 0 0 0 0 0 0 0 0 0 0 0 0 0 1 0 0 0 0 0 0 0 0 0 0 0 0 0 0 0 0 1 0 1 1 0 1 1 0 0 0 1 0 0 1 0 1 1 0 1 0 0 1 1 0 1 0 1 1 1 0 0 0 0 0 0 0 0 0 0 0 0 1 0 0 0 1 1 0 0 0 0 1 1 0 0 1 0 0 0 0 1 0 1 1 0 0 0 1 1 1 1 1 1 1 0 1 0 0 0 0 1 0 0 1 1 1 1 1 0 1 0 1 0 1]
[0 0 0 0 0 0 0 0 0 0 0 0 0 0 0 0 0 0 0 0 0 0 0 0 0 0 0 0 0 0 0 0 1 0 0 0 0 0 0 0 0 0 0 0 0 0 0 0 0 1 0 0 1 0 1 0 1 0 1 0 0 1 1 1 1 1 1 0 1 1 0 1 0 1 1 0 0 1 1 1 0 1 1 1 1 1 1 1 1 0 0 1 0 0 0 1 1 1 0 0 0 1 1 0 1 1 1 0 0 0 0 1 0 0 1 0 0 1 0 0 1 0 0 1 0 0 1 1 0 0 0 1 1 0 0 1 0 0 1 0 1 1]
[0 0 0 0 0 0 0 0 0 0 0 0 0 0 0 0 0 0 0 0 0 0 0 0 0 0 0 0 0 0 0 0 0 1 0 0 0 0 0 0 0 0 0 0 0 0 0 0 1 1 0 1 0 1 0 1 1 0 0 0 1 1 1 1 1 0 1 0 0 0 1 1 1 1 0 1 1 0 0 0 0 1 0 0 0 0 0 1 0 1 0 1 1 0 1 0 1 1 1 1 1 1 0 0 0 1 1 1 0 1 0 1 1 1 0 1 0 0 1 1 1 0 0 1 1 0 0 0 0 1 0 0 1 1 1 1 1 0 0 0 0 0]
[0 0 0 0 0 0 0 0 0 0 0 0 0 0 0 0 0 0 0 0 0 0 0 0 0 0 0 0 0 0 0 0 0 0 1 0 0 0 0 0 0 0 0 0 0 0 0 0 1 0 1 1 1 1 0 0 1 0 1 0 0 0 1 1 1 1 1 0 1 1 0 1 0 1 1 0 1 0 0 1 1 0 0 0 1 0 1 0 0 1 1 0 1 1 0 1 1 0 1 0 0 1 1 1 0 0 1 0 1 1 0 0 0 0 1 1 0 0 1 0 0 1 1 1 1 0 1 1 0 0 0 1 0 1 1 0 0 0 1 1 0 0]
[0 0 0 0 0 0 0 0 0 0 0 0 0 0 0 0 0 0 0 0 0 0 0 0 0 0 0 0 0 0 0 0 0 0 0 1 0 0 0 0 0 0 0 0 0 0 0 0 0 0 1 0 1 0 1 1 1 0 0 0 1 1 0 0 1 1 0 0 1 0 0 1 1 1 1 1 0 1 0 0 0 0 0 0 1 1 0 0 0 0 0 0 0 1 1 0 0 0 1 0 1 1 1 0 1 0 1 0 1 0 1 0 0 1 0 1 0 1 1 0 1 0 0 0 1 0 1 0 0 0 0 1 0 1 1 0 1 0 1 1 0 0]
[0 0 0 0 0 0 0 0 0 0 0 0 0 0 0 0 0 0 0 0 0 0 0 0 0 0 0 0 0 0 0 0 0 0 0 0 1 0 0 0 0 0 0 0 0 0 0 0 1 1 1 1 0 0 0 0 0 0 0 0 0 1 1 0 1 0 1 0 0 1 0 0 0 0 1 0 0 1 0 0 0 1 0 0 1 1 0 0 1 0 1 0 1 0 1 1 0 1 1 1 1 0 0 0 0 0 0 1 0 0 0 1 1 0 1 1 1 0 0 0 1 1 0 0 1 1 0 0 0 0 0 1 0 0 1 1 1 0 0 0 0 1]
[0 0 0 0 0 0 0 0 0 0 0 0 0 0 0 0 0 0 0 0 0 0 0 0 0 0 0 0 0 0 0 0 0 0 0 0 0 1 0 0 0 0 0 0 0 0 0 0 0 1 0 1 0 1 1 1 1 1 0 0 0 1 0 1 0 1 1 0 1 1 1 1 1 1 1 0 1 0 0 0 0 1 1 0 1 1 0 0 0 0 0 1 0 0 0 0 0 0 0 0 1 0 1 0 1 1 0 1 1 1 1 0 0 0 0 0 0 1 0 0 0 1 1 0 1 0 0 1 0 0 0 0 1 1 1 1 1 1 0 1 0 1]
[0 0 0 0 0 0 0 0 0 0 0 0 0 0 0 0 0 0 0 0 0 0 0 0 0 0 0 0 0 0 0 0 0 0 0 0 0 0 1 0 0 0 0 0 0 0 0 0 1 1 0 0 1 1 0 0 1 0 0 0 0 1 1 1 0 0 0 1 1 0 1 0 1 1 0 0 0 1 1 0 1 1 0 1 1 0 1 0 0 1 0 0 0 0 0 1 1 1 1 0 1 1 1 1 1 1 0 0 1 0 0 1 0 0 0 0 1 1 1 0 1 1 1 0 1 0 0 0 0 1 1 1 0 0 0 0 1 1 1 0 0 1]
[0 0 0 0 0 0 0 0 0 0 0 0 0 0 0 0 0 0 0 0 0 0 0 0 0 0 0 0 0 0 0 0 0 0 0 0 0 0 0 1 0 0 0 0 0 0 0 0 0 0 1 1 0 0 1 0 1 1 1 1 0 1 0 1 1 1 1 0 0 0 0 0 0 1 1 0 0 1 0 1 0 1 1 0 1 0 1 0 0 1 1 1 1 0 0 1 1 0 1 1 1 0 1 0 0 0 0 1 0 0 1 0 0 1 0 1 0 0 0 1 1 1 1 1 1 0 0 1 0 1 0 0 0 0 0 0 0 0 1 1 1 0]
[0 0 0 0 0 0 0 0 0 0 0 0 0 0 0 0 0 0 0 0 0 0 0 0 0 0 0 0 0 0 0 0 0 0 0 0 0 0 0 0 1 0 0 0 0 0 0 0 1 0 1 1 0 0 1 0 0 1 0 0 1 0 1 0 1 0 0 1 1 1 1 1 0 1 0 1 0 0 1 1 1 0 1 0 0 1 0 1 1 0 1 1 0 1 1 0 1 1 0 1 0 1 1 0 0 1 1 0 0 0 0 0 1 1 1 0 1 1 1 0 1 0 0 0 0 1 0 1 0 1 1 0 1 1 0 1 0 0 1 1 1 1]
[0 0 0 0 0 0 0 0 0 0 0 0 0 0 0 0 0 0 0 0 0 0 0 0 0 0 0 0 0 0 0 0 0 0 0 0 0 0 0 0 0 1 0 0 0 0 0 0 1 0 1 1 0 1 1 0 0 1 0 0 1 1 0 0 1 1 0 1 1 1 1 0 1 1 0 0 1 1 1 0 1 1 0 0 0 1 0 0 1 0 0 1 1 0 1 1 1 0 1 1 0 1 1 1 0 0 1 1 1 1 0 1 1 0 1 0 1 0 1 0 1 1 1 1 1 1 0 0 0 0 0 1 1 0 1 1 0 0 0 1 1 0]
[0 0 0 0 0 0 0 0 0 0 0 0 0 0 0 0 0 0 0 0 0 0 0 0 0 0 0 0 0 0 0 0 0 0 0 0 0 0 0 0 0 0 1 0 0 0 0 0 0 0 0 0 0 1 1 1 1 1 0 0 1 1 1 0 0 0 1 1 1 1 1 1 1 1 0 0 1 1 0 0 1 1 1 0 1 1 1 0 1 0 0 1 0 0 1 0 1 0 0 1 1 1 0 1 0 0 1 0 0 0 1 0 1 1 0 0 1 1 1 0 0 1 0 0 0 0 1 1 1 0 0 0 0 1 1 0 1 1 0 1 1 1]
[0 0 0 0 0 0 0 0 0 0 0 0 0 0 0 0 0 0 0 0 0 0 0 0 0 0 0 0 0 0 0 0 0 0 0 0 0 0 0 0 0 0 0 1 0 0 0 0 1 0 0 0 1 0 0 0 1 0 1 0 0 1 0 1 1 1 1 1 0 0 1 0 0 0 0 0 1 0 0 1 0 0 0 0 0 0 0 1 0 0 1 0 0 1 1 1 0 1 0 0 1 0 1 0 1 0 1 0 1 1 1 1 1 0 0 1 0 0 0 1 1 1 0 1 1 1 0 0 0 1 0 1 1 1 1 0 1 1 1 0 0 1]
[0 0 0 0 0 0 0 0 0 0 0 0 0 0 0 0 0 0 0 0 0 0 0 0 0 0 0 0 0 0 0 0 0 0 0 0 0 0 0 0 0 0 0 0 1 0 0 0 1 0 1 0 0 1 1 1 0 0 0 0 0 1 1 0 1 1 1 0 0 1 1 1 0 0 0 1 1 0 1 1 1 1 1 0 1 0 0 0 1 1 0 0 0 1 0 1 0 1 1 0 0 1 0 0 0 1 0 1 0 1 0 1 1 1 0 0 1 1 0 1 1 1 0 1 0 0 1 0 0 1 1 1 0 1 0 0 1 1 1 0 1 0]
[0 0 0 0 0 0 0 0 0 0 0 0 0 0 0 0 0 0 0 0 0 0 0 0 0 0 0 0 0 0 0 0 0 0 0 0 0 0 0 0 0 0 0 0 0 1 0 0 0 1 1 0 1 0 0 1 0 0 0 0 1 1 1 1 0 1 0 0 0 1 1 0 1 0 0 1 1 0 0 1 1 1 0 1 1 0 1 1 0 1 0 1 0 1 0 0 1 1 1 1 1 0 0 0 1 0 0 1 0 0 0 1 0 1 1 0 0 0 1 0 0 1 0 1 0 0 1 1 1 1 1 1 1 0 0 1 1 0 0 0 0 1]
[0 0 0 0 0 0 0 0 0 0 0 0 0 0 0 0 0 0 0 0 0 0 0 0 0 0 0 0 0 0 0 0 0 0 0 0 0 0 0 0 0 0 0 0 0 0 1 0 1 1 0 0 0 0 1 0 1 1 1 1 0 0 0 1 1 1 1 1 1 0 0 1 0 0 0 0 0 1 0 0 0 1 0 0 1 0 1 0 0 1 1 1 1 1 1 0 0 0 0 1 0 0 0 1 1 1 1 0 1 1 0 0 1 1 0 1 0 1 1 0 0 0 1 0 1 0 1 1 1 1 1 1 0 0 1 1 1 0 1 1 0 0]
[0 0 0 0 0 0 0 0 0 0 0 0 0 0 0 0 0 0 0 0 0 0 0 0 0 0 0 0 0 0 0 0 0 0 0 0 0 0 0 0 0 0 0 0 0 0 0 1 0 0 0 0 1 0 0 1 0 0 0 1 1 1 0 1 0 1 1 0 0 0 1 1 0 1 0 1 1 0 0 0 0 1 1 1 0 0 1 1 1 1 0 0 1 1 0 0 1 0 1 1 0 1 0 1 1 0 0 0 1 1 1 0 0 1 1 1 0 1 0 1 1 0 1 0 0 1 0 0 1 0 1 0 1 1 1 1 1 1 1 1 0 1]
(0, 1, 0, 0, 0, 0, 1, 1, 1, 1, 0, 1, 1, 0, 1, 0, 1, 0, 1, 1, 0, 0, 0, 1, 1, 1, 1, 0, 1, 1, 1, 1, 1, 0, 1, 0, 1, 0, 0, 0, 0, 1, 1, 0, 0, 1, 1, 0)
[1, 0, 1, 1, 1, 0, 0, 0, 1]
n = 142
k = 94
t = 6
m = 8
