[1 0 0 0 0 0 0 0 0 0 0 0 0 0 0 0 0 0 0 0 0 0 0 0 0 0 0 0 0 0 0 0 0 0 0 0 0 0 0 0 1 1 0 0 1 0 1 0 1 1 0 1 0 0 1 0 0 0 1 0 0 0 1 1 1 0 0 0 1 1 0 1 1 0 1 1 1 0 0 1 1 0 1 0 0 0 1 1 0 1 0 0 1 1 1 1 1 1 1 1 0 1 0 1 1 0 0 0 1 1 1 0 1 0 1 0 1 0 1 1 0 0 0 1 1 0 1 0 1 0 0 0 1 0 0 0 1 1 0]
[0 1 0 0 0 0 0 0 0 0 0 0 0 0 0 0 0 0 0 0 0 0 0 0 0 0 0 0 0 0 0 0 0 0 0 0 0 0 0 0 0 0 0 0 0 0 1 0 1 1 1 0 0 1 0 1 1 1 0 1 0 0 0 1 0 1 0 0 1 1 0 1 0 1 0 1 0 0 1 1 1 0 1 1 1 0 1 1 0 0 0 0 1 1 1 1 1 1 0 1 1 1 0 0 1 0 0 1 1 0 0 1 1 0 0 1 1 1 1 0 0 1 0 1 0 0 1 0 1 1 1 0 1 1 0 0 0 1 0]
[0 0 1 0 0 0 0 0 0 0 0 0 0 0 0 0 0 0 0 0 0 0 0 0 0 0 0 0 0 0 0 0 0 0 0 0 0 0 0 0 0 1 1 0 1 0 0 1 1 0 1 0 1 0 1 0 1 1 1 1 1 1 1 1 0 0 1 0 1 1 1 0 0 1 1 0 1 0 0 0 1 1 1 0 0 0 1 1 1 0 1 1 1 0 0 1 1 0 0 0 1 1 0 1 0 0 1 0 0 1 1 0 0 1 1 1 0 1 1 1 1 0 1 0 1 0 1 0 1 0 1 0 1 1 1 1 1 1 0]
[0 0 0 1 0 0 0 0 0 0 0 0 0 0 0 0 0 0 0 0 0 0 0 0 0 0 0 0 0 0 0 0 0 0 0 0 0 0 0 0 1 0 0 1 0 0 1 1 0 1 0 1 1 1 0 0 1 1 0 1 0 0 0 1 1 1 1 1 0 0 0 0 0 0 1 0 1 1 0 1 1 0 0 0 1 0 0 0 0 1 1 0 0 1 1 0 1 1 1 1 1 0 1 0 0 0 1 0 0 0 0 1 1 0 0 0 0 0 0 1 1 0 1 0 1 0 1 0 0 0 1 1 0 1 1 1 0 0 0]
[0 0 0 0 1 0 0 0 0 0 0 0 0 0 0 0 0 0 0 0 0 0 0 0 0 0 0 0 0 0 0 0 0 0 0 0 0 0 0 0 1 0 1 0 0 0 1 1 0 0 1 1 1 1 0 0 1 0 1 0 0 0 1 0 0 1 1 1 0 0 1 0 1 0 0 1 1 0 1 1 0 0 0 0 1 1 1 1 1 1 1 1 0 1 1 1 1 1 1 1 0 0 0 0 1 0 0 0 1 0 1 0 1 0 0 0 1 1 0 1 1 1 0 1 1 0 0 0 1 0 0 0 0 0 1 0 1 0 0]
[0 0 0 0 0 1 0 0 0 0 0 0 0 0 0 0 0 0 0 0 0 0 0 0 0 0 0 0 0 0 0 0 0 0 0 0 0 0 0 0 1 1 1 1 0 0 0 0 1 0 0 1 1 0 1 1 1 0 0 1 0 1 0 1 0 1 1 0 0 0 0 0 1 0 0 0 1 1 1 0 0 1 1 1 1 1 0 0 1 1 1 0 0 0 0 1 0 1 0 0 1 1 0 0 0 0 0 1 1 0 1 1 1 0 1 1 0 1 0 1 1 0 0 1 0 1 1 1 1 1 1 1 0 1 1 0 1 1 0]
[0 0 0 0 0 0 1 0 0 0 0 0 0 0 0 0 0 0 0 0 0 0 0 0 0 0 0 0 0 0 0 0 0 0 0 0 0 0 0 0 1 1 1 1 1 0 1 0 0 0 0 1 1 1 1 0 0 0 1 0 0 1 1 0 1 1 1 0 0 1 0 0 1 0 1 0 1 1 0 0 1 1 1 0 0 1 0 1 0 0 0 0 0 0 0 0 1 1 0 0 1 1 0 0 0 0 1 1 0 0 0 1 1 1 1 1 1 0 0 0 1 1 0 0 1 1 0 0 0 0 0 1 1 1 1 0 1 0 0]
[0 0 0 0 0 0 0 1 0 0 0 0 0 0 0 0 0 0 0 0 0 0 0 0 0 0 0 0 0 0 0 0 0 0 0 0 0 0 0 0 1 1 1 0 1 1 0 0 0 1 1 1 0 0 0 1 0 0 0 1 1 0 0 0 0 1 0 0 1 1 1 1 0 0 0 0 0 0 0 0 0 0 1 1 1 0 0 0 1 1 0 0 0 1 0 0 1 1 1 1 0 1 0 0 0 0 1 1 1 0 1 1 0 0 1 0 1 0 1 0 0 1 1 1 0 1 0 0 1 1 1 1 0 1 1 1 0 1 1]
[0 0 0 0 0 0 0 0 1 0 0 0 0 0 0 0 0 0 0 0 0 0 0 0 0 0 0 0 0 0 0 0 0 0 0 0 0 0 0 0 1 1 1 1 1 0 1 1 0 1 0 0 0 1 1 1 0 1 1 1 0 1 1 0 0 0 1 1 1 1 1 0 0 0 1 1 1 1 0 1 1 1 1 0 1 0 1 1 1 1 0 1 0 1 1 0 0 1 0 0 0 0 1 0 1 0 0 1 1 1 0 1 1 1 1 0 1 1 0 0 1 0 1 1 0 1 1 1 0 0 0 1 1 1 0 1 0 1 0]
[0 0 0 0 0 0 0 0 0 1 0 0 0 0 0 0 0 0 0 0 0 0 0 0 0 0 0 0 0 0 0 0 0 0 0 0 0 0 0 0 0 1 1 0 0 1 1 0 1 1 0 1 1 1 1 1 0 0 0 1 0 0 1 1 1 0 0 1 1 0 0 1 0 1 0 1 1 1 0 0 1 1 1 0 1 1 1 0 0 0 1 1 1 0 1 1 0 1 0 0 1 0 1 0 0 1 0 1 0 1 1 1 1 0 1 0 0 0 0 0 1 1 1 0 1 1 1 0 1 1 1 0 1 0 1 1 0 0 1]
[0 0 0 0 0 0 0 0 0 0 1 0 0 0 0 0 0 0 0 0 0 0 0 0 0 0 0 0 0 0 0 0 0 0 0 0 0 0 0 0 1 1 0 0 0 0 0 0 0 0 1 0 0 0 0 0 1 0 0 0 0 0 0 0 0 1 0 1 1 1 1 0 1 0 1 0 1 0 0 1 1 1 1 0 1 0 1 1 1 0 1 0 0 0 1 1 1 0 0 1 1 0 1 0 1 1 0 1 0 0 1 0 0 1 1 1 1 0 0 1 1 0 1 1 0 0 1 1 1 1 0 0 1 0 1 1 0 1 0]
[0 0 0 0 0 0 0 0 0 0 0 1 0 0 0 0 0 0 0 0 0 0 0 0 0 0 0 0 0 0 0 0 0 0 0 0 0 0 0 0 1 0 0 1 0 1 1 1 0 0 0 0 0 1 0 1 0 1 1 0 0 0 1 0 0 1 1 0 1 0 0 1 0 1 0 0 0 1 1 1 0 0 0 0 0 1 1 0 1 1 0 1 0 0 0 0 1 1 1 0 0 0 1 1 0 0 1 1 1 1 1 1 1 1 1 0 1 1 1 0 0 1 1 1 0 1 0 0 1 0 1 1 0 1 0 1 0 1 0]
[0 0 0 0 0 0 0 0 0 0 0 0 1 0 0 0 0 0 0 0 0 0 0 0 0 0 0 0 0 0 0 0 0 0 0 0 0 0 0 0 0 0 1 0 0 0 0 0 0 0 1 1 1 1 1 1 0 1 1 1 0 0 0 0 0 0 1 0 0 1 0 0 0 0 1 0 1 0 0 1 0 0 0 0 0 0 1 1 1 1 1 1 0 0 0 0 1 1 0 0 1 1 0 1 1 0 1 0 1 1 1 1 1 1 0 0 0 1 0 1 1 0 0 1 1 1 1 0 0 1 0 0 1 0 0 1 0 0 1]
[0 0 0 0 0 0 0 0 0 0 0 0 0 1 0 0 0 0 0 0 0 0 0 0 0 0 0 0 0 0 0 0 0 0 0 0 0 0 0 0 1 0 0 0 1 1 0 0 0 0 1 1 0 1 0 1 1 1 1 1 0 0 1 0 0 1 1 0 0 1 1 0 1 0 1 1 1 1 1 0 1 0 1 0 0 1 1 1 1 1 0 0 1 0 0 0 0 1 1 1 0 1 0 1 0 1 0 1 1 1 1 0 1 1 0 0 0 0 0 1 1 1 1 0 0 1 0 1 1 0 0 1 0 0 0 0 0 0 1]
[0 0 0 0 0 0 0 0 0 0 0 0 0 0 1 0 0 0 0 0 0 0 0 0 0 0 0 0 0 0 0 0 0 0 0 0 0 0 0 0 0 0 1 1 0 1 1 0 1 0 0 1 0 0 1 1 0 0 1 1 1 1 1 0 0 0 1 0 0 1 0 0 1 0 0 0 1 0 1 0 0 0 1 0 1 1 0 1 1 0 0 0 0 1 1 1 1 1 0 1 0 0 1 0 0 0 1 1 0 1 1 0 0 1 1 1 1 0 0 1 1 1 1 1 1 1 0 0 1 1 0 0 1 1 0 0 1 1 1]
[0 0 0 0 0 0 0 0 0 0 0 0 0 0 0 1 0 0 0 0 0 0 0 0 0 0 0 0 0 0 0 0 0 0 0 0 0 0 0 0 1 1 1 0 1 1 0 1 0 1 1 1 1 1 1 0 1 1 0 0 1 0 0 1 0 0 0 0 1 1 1 0 1 1 1 1 1 1 1 0 0 0 1 0 0 1 1 1 0 1 0 1 0 0 0 0 1 1 1 1 0 1 0 1 1 0 1 0 1 1 1 0 0 0 0 1 1 1 0 1 1 0 0 1 0 1 0 1 0 0 0 1 0 0 1 0 1 0 0]
[0 0 0 0 0 0 0 0 0 0 0 0 0 0 0 0 1 0 0 0 0 0 0 0 0 0 0 0 0 0 0 0 0 0 0 0 0 0 0 0 0 1 1 0 1 0 1 1 0 0 1 0 1 1 1 0 1 1 1 1 0 1 1 0 0 1 0 1 0 1 0 0 1 0 1 0 0 0 0 0 1 1 0 1 1 1 0 0 0 1 1 0 1 0 0 0 1 0 1 0 0 0 1 1 1 1 1 0 1 1 1 1 1 0 0 1 1 1 0 0 0 0 0 1 1 1 1 0 1 0 0 0 1 0 0 0 1 1 0]
[0 0 0 0 0 0 0 0 0 0 0 0 0 0 0 0 0 1 0 0 0 0 0 0 0 0 0 0 0 0 0 0 0 0 0 0 0 0 0 0 0 0 1 0 0 0 1 0 1 0 1 0 0 1 0 0 1 0 0 1 0 0 1 1 0 0 0 1 1 1 1 1 1 1 1 1 1 1 0 1 0 0 1 0 0 1 1 1 1 0 1 1 1 0 1 1 1 1 0 1 1 0 0 1 0 0 0 1 0 1 1 1 0 1 0 0 0 1 0 0 1 1 0 0 0 1 0 0 1 1 1 0 1 1 1 0 1 1 1]
[0 0 0 0 0 0 0 0 0 0 0 0 0 0 0 0 0 0 1 0 0 0 0 0 0 0 0 0 0 0 0 0 0 0 0 0 0 0 0 0 0 0 0 1 1 0 1 1 1 0 1 1 1 1 0 1 1 0 1 1 0 0 1 1 1 0 0 0 0 0 0 1 0 1 1 1 0 0 1 1 0 1 0 1 0 1 0 1 1 0 0 0 0 1 0 0 1 0 0 1 1 0 1 1 0 1 0 1 1 1 1 0 1 0 0 1 1 0 1 0 0 1 1 1 1 0 1 1 1 0 1 0 1 0 0 1 0 1 0]
[0 0 0 0 0 0 0 0 0 0 0 0 0 0 0 0 0 0 0 1 0 0 0 0 0 0 0 0 0 0 0 0 0 0 0 0 0 0 0 0 0 0 1 1 0 1 0 1 0 0 0 1 1 1 1 0 0 1 0 1 0 0 0 0 1 1 1 0 0 1 1 0 0 0 0 1 1 1 1 1 0 0 1 0 0 0 1 0 1 0 0 0 0 0 0 0 1 1 0 0 1 1 0 1 1 0 1 0 0 0 1 1 0 0 0 1 0 1 0 0 1 0 0 1 0 0 0 0 1 1 0 0 0 1 1 1 1 0 1]
[0 0 0 0 0 0 0 0 0 0 0 0 0 0 0 0 0 0 0 0 1 0 0 0 0 0 0 0 0 0 0 0 0 0 0 0 0 0 0 0 0 0 1 1 0 1 1 0 1 1 1 0 1 1 1 0 0 0 1 1 1 0 0 1 1 1 0 0 0 1 1 1 0 0 1 0 0 0 1 0 1 0 0 0 0 0 0 1 1 0 1 1 0 1 0 1 0 1 0 1 0 0 1 1 1 0 1 0 0 0 1 0 1 0 1 0 1 1 1 0 1 1 0 0 0 1 0 0 0 1 1 0 0 1 1 1 1 1 1]
[0 0 0 0 0 0 0 0 0 0 0 0 0 0 0 0 0 0 0 0 0 1 0 0 0 0 0 0 0 0 0 0 0 0 0 0 0 0 0 0 1 0 1 0 1 0 1 0 0 1 0 0 0 0 0 0 0 1 0 0 0 1 1 0 0 1 0 1 1 1 0 1 1 1 0 0 0 1 0 1 1 0 1 0 0 0 1 0 1 0 0 0 1 0 0 1 0 1 1 1 1 0 0 1 1 0 0 1 0 0 1 0 0 1 1 1 1 1 0 1 0 0 0 0 1 0 0 1 1 0 1 0 1 1 0 0 0 1 0]
[0 0 0 0 0 0 0 0 0 0 0 0 0 0 0 0 0 0 0 0 0 0 1 0 0 0 0 0 0 0 0 0 0 0 0 0 0 0 0 0 0 1 0 0 1 0 0 0 1 1 1 1 0 0 1 0 0 1 1 0 0 1 0 1 1 1 0 1 0 1 0 0 0 1 1 1 1 1 1 1 0 0 0 0 0 0 0 0 0 1 1 1 1 0 0 0 0 0 0 0 0 0 0 0 1 0 1 0 1 1 0 0 0 1 1 1 1 0 0 0 0 1 0 0 0 1 0 1 1 1 0 0 1 1 1 1 0 1 0]
[0 0 0 0 0 0 0 0 0 0 0 0 0 0 0 0 0 0 0 0 0 0 0 1 0 0 0 0 0 0 0 0 0 0 0 0 0 0 0 0 0 0 1 0 0 1 1 1 1 0 0 0 1 0 1 0 0 1 1 1 1 1 1 1 1 0 1 1 1 0 0 1 0 1 1 0 0 0 0 0 0 1 0 0 0 1 0 0 1 0 1 1 0 1 0 1 0 0 1 0 0 0 1 1 0 0 1 0 1 0 1 1 0 1 0 0 0 0 0 0 1 1 0 1 0 1 1 0 1 1 0 0 0 0 0 1 1 1 1]
[0 0 0 0 0 0 0 0 0 0 0 0 0 0 0 0 0 0 0 0 0 0 0 0 1 0 0 0 0 0 0 0 0 0 0 0 0 0 0 0 1 0 0 1 1 0 1 1 1 0 0 1 0 1 0 1 0 1 1 0 0 0 0 0 0 1 0 0 1 0 0 0 0 0 0 0 1 0 1 1 0 1 0 1 1 0 0 1 1 1 0 0 0 0 1 0 0 0 0 0 1 1 0 1 0 0 1 0 0 1 0 0 1 1 0 1 1 1 1 0 0 1 0 0 0 1 1 1 1 0 0 1 0 0 1 1 0 0 1]
[0 0 0 0 0 0 0 0 0 0 0 0 0 0 0 0 0 0 0 0 0 0 0 0 0 1 0 0 0 0 0 0 0 0 0 0 0 0 0 0 1 0 1 1 0 1 1 1 0 0 1 0 0 0 0 1 0 1 0 1 0 1 0 0 0 0 0 1 1 0 0 1 0 1 0 0 1 1 0 1 1 0 1 0 1 0 0 0 0 1 1 0 0 1 0 1 1 1 1 1 0 0 1 0 1 1 0 0 1 1 1 1 0 0 0 0 1 0 1 1 0 1 0 0 0 1 1 0 0 0 0 0 1 1 0 1 1 0 1]
[0 0 0 0 0 0 0 0 0 0 0 0 0 0 0 0 0 0 0 0 0 0 0 0 0 0 1 0 0 0 0 0 0 0 0 0 0 0 0 0 1 1 1 0 0 1 1 0 1 1 0 0 0 1 1 1 1 1 1 1 1 0 1 0 1 0 1 1 0 0 1 1 0 1 1 0 1 0 1 0 1 1 1 1 1 0 0 1 0 0 0 1 1 1 1 1 1 1 1 0 0 1 0 0 0 1 1 1 1 1 0 1 0 0 0 1 0 1 1 1 1 1 1 0 1 0 1 0 1 1 0 1 0 1 1 1 0 1 0]
[0 0 0 0 0 0 0 0 0 0 0 0 0 0 0 0 0 0 0 0 0 0 0 0 0 0 0 1 0 0 0 0 0 0 0 0 0 0 0 0 1 1 1 1 0 0 0 0 0 0 1 0 0 0 1 1 1 0 1 0 0 0 0 0 1 0 0 1 0 1 0 1 1 1 0 1 0 1 0 0 1 1 1 1 1 0 1 0 0 0 0 1 0 0 1 0 1 1 1 1 0 0 0 0 0 0 1 0 1 0 0 1 1 1 1 1 1 1 1 1 0 0 0 1 0 0 0 0 1 0 1 1 0 1 1 0 0 0 0]
[0 0 0 0 0 0 0 0 0 0 0 0 0 0 0 0 0 0 0 0 0 0 0 0 0 0 0 0 1 0 0 0 0 0 0 0 0 0 0 0 0 0 1 0 0 0 1 1 0 1 1 1 1 0 1 0 0 0 1 1 1 0 0 1 1 0 0 0 0 1 0 1 0 1 1 0 1 1 1 1 0 0 1 0 0 1 1 0 1 0 1 0 0 0 1 1 0 0 0 1 1 1 0 0 1 0 0 0 1 1 0 1 1 1 0 1 1 1 1 0 1 1 0 0 1 1 1 1 0 0 1 1 0 1 1 1 1 1 0]
[0 0 0 0 0 0 0 0 0 0 0 0 0 0 0 0 0 0 0 0 0 0 0 0 0 0 0 0 0 1 0 0 0 0 0 0 0 0 0 0 0 0 0 1 1 0 0 0 0 1 0 1 1 0 0 1 1 1 0 0 0 0 1 0 1 1 1 0 1 1 0 0 0 1 0 0 1 1 1 1 0 0 0 0 1 1 0 1 1 1 0 0 0 0 0 1 0 0 0 1 0 1 0 0 0 0 0 1 0 1 0 0 0 0 0 0 1 1 0 1 1 0 0 0 1 0 1 0 1 0 1 1 0 1 1 1 1 1 0]
[0 0 0 0 0 0 0 0 0 0 0 0 0 0 0 0 0 0 0 0 0 0 0 0 0 0 0 0 0 0 1 0 0 0 0 0 0 0 0 0 0 0 1 1 1 0 1 1 1 0 1 0 0 1 0 1 1 1 0 1 1 1 0 0 0 0 0 1 0 1 0 0 1 0 1 0 1 1 0 1 1 1 0 0 1 0 0 1 0 1 0 0 0 1 1 0 1 0 1 1 0 1 0 0 0 1 0 0 0 1 0 1 1 1 0 1 0 1 1 0 0 1 1 0 1 1 1 1 1 1 0 1 1 1 0 1 0 0 0]
[0 0 0 0 0 0 0 0 0 0 0 0 0 0 0 0 0 0 0 0 0 0 0 0 0 0 0 0 0 0 0 1 0 0 0 0 0 0 0 0 1 1 0 0 1 1 0 0 0 1 1 1 1 0 1 0 1 0 1 1 1 0 0 1 1 1 0 1 1 0 1 1 1 0 1 1 1 1 0 1 0 0 0 1 0 0 0 1 0 1 0 0 1 0 1 0 0 0 0 1 1 0 0 0 0 0 1 0 0 0 1 0 1 1 0 0 0 0 0 0 1 1 1 1 1 1 1 1 0 0 0 1 1 0 0 0 0 1 1]
[0 0 0 0 0 0 0 0 0 0 0 0 0 0 0 0 0 0 0 0 0 0 0 0 0 0 0 0 0 0 0 0 1 0 0 0 0 0 0 0 1 0 1 0 1 1 0 1 0 0 0 1 1 0 1 1 1 0 0 1 1 0 0 1 0 1 0 1 0 1 0 1 1 1 1 0 0 1 0 0 0 0 1 1 1 0 0 1 1 0 1 1 1 0 1 1 0 0 1 1 0 1 0 1 1 0 1 1 1 0 1 1 0 0 0 0 1 1 1 1 0 1 0 1 0 0 0 0 0 1 1 1 1 1 1 0 0 0 1]
[0 0 0 0 0 0 0 0 0 0 0 0 0 0 0 0 0 0 0 0 0 0 0 0 0 0 0 0 0 0 0 0 0 1 0 0 0 0 0 0 0 0 1 0 1 1 1 1 0 0 0 0 1 1 1 0 0 1 1 1 0 0 1 0 1 0 0 0 1 0 1 1 1 1 1 0 1 0 1 1 0 0 1 1 0 0 1 0 1 0 0 0 0 1 0 0 0 1 1 0 1 0 0 0 1 0 1 0 1 1 1 1 1 1 0 0 0 1 1 0 1 0 1 1 0 0 0 1 1 1 1 1 0 1 0 1 0 1 1]
[0 0 0 0 0 0 0 0 0 0 0 0 0 0 0 0 0 0 0 0 0 0 0 0 0 0 0 0 0 0 0 0 0 0 1 0 0 0 0 0 0 1 0 0 1 1 1 1 1 0 0 1 0 0 1 1 1 1 0 0 1 0 0 0 0 1 0 0 0 1 0 1 0 0 1 0 1 1 1 0 1 0 0 0 0 1 1 0 0 1 1 0 1 1 0 1 1 1 0 0 0 0 1 0 1 0 1 1 0 0 1 0 1 1 0 1 1 0 0 0 0 0 1 1 0 0 0 1 0 0 1 1 1 1 1 1 0 1 0]
[0 0 0 0 0 0 0 0 0 0 0 0 0 0 0 0 0 0 0 0 0 0 0 0 0 0 0 0 0 0 0 0 0 0 0 1 0 0 0 0 1 0 0 1 1 1 1 1 1 0 0 0 0 1 0 0 0 0 0 1 0 0 0 0 1 1 1 0 0 1 0 0 1 0 1 0 0 0 1 0 1 1 0 0 0 1 1 1 0 1 0 1 1 1 1 1 0 1 0 1 1 0 1 1 1 0 1 0 0 0 1 1 1 1 0 1 1 0 1 0 1 1 0 0 0 1 0 0 0 0 0 1 0 1 1 1 1 0 1]
[0 0 0 0 0 0 0 0 0 0 0 0 0 0 0 0 0 0 0 0 0 0 0 0 0 0 0 0 0 0 0 0 0 0 0 0 1 0 0 0 1 1 1 1 0 1 1 1 0 0 0 1 0 1 1 0 0 1 0 1 1 0 0 1 1 0 0 1 0 0 1 1 0 1 1 1 1 1 0 1 1 1 0 1 0 1 1 1 0 1 0 1 1 0 1 1 1 0 1 0 0 0 1 1 1 1 0 0 0 0 1 0 1 0 0 1 1 1 1 0 1 0 0 0 0 1 1 0 0 0 0 0 1 0 0 1 0 0 0]
[0 0 0 0 0 0 0 0 0 0 0 0 0 0 0 0 0 0 0 0 0 0 0 0 0 0 0 0 0 0 0 0 0 0 0 0 0 1 0 0 0 1 0 1 0 1 0 0 1 1 1 1 0 1 0 1 1 1 1 0 1 0 1 0 0 1 0 1 1 0 0 0 0 0 0 1 1 0 0 0 0 0 0 1 0 0 1 1 1 0 1 0 0 0 1 0 1 1 0 1 0 1 0 1 1 0 1 0 0 1 0 0 0 1 1 1 1 1 1 1 1 0 0 0 0 1 0 1 1 1 1 1 1 1 0 0 0 0 1]
[0 0 0 0 0 0 0 0 0 0 0 0 0 0 0 0 0 0 0 0 0 0 0 0 0 0 0 0 0 0 0 0 0 0 0 0 0 0 1 0 1 0 1 0 0 0 1 0 0 1 0 0 0 1 0 1 0 0 1 0 1 1 1 1 1 1 1 0 1 1 0 1 0 1 1 0 0 1 1 0 1 1 1 1 0 1 0 1 0 0 1 0 0 1 0 0 1 0 0 0 0 1 1 0 1 0 0 0 0 0 1 0 0 1 1 0 1 1 0 0 0 1 1 0 0 0 0 0 0 1 1 0 0 0 0 0 0 0 1]
[0 0 0 0 0 0 0 0 0 0 0 0 0 0 0 0 0 0 0 0 0 0 0 0 0 0 0 0 0 0 0 0 0 0 0 0 0 0 0 1 0 1 1 0 1 0 0 0 1 0 0 1 1 1 1 1 0 1 1 0 0 0 1 0 0 1 0 1 0 1 1 0 0 0 1 1 1 0 1 0 0 0 1 1 1 0 0 1 1 0 0 0 0 1 0 1 1 1 1 1 1 0 1 0 1 1 1 0 1 1 1 1 0 1 0 1 1 1 1 1 0 1 1 0 1 1 1 1 1 0 0 1 0 1 1 0 1 1 1]
(0, 0, 0, 1, 1, 1, 0, 1, 0, 1, 1, 0, 0, 1, 1, 1, 1, 1, 0, 1, 1, 1, 1, 1, 0, 0, 1, 0, 1, 0, 1, 0, 1, 1, 1, 0, 1, 1, 1, 0)
[1, 0, 1, 1, 1, 0, 0, 0, 1]
n = 139
k = 99
t = 5
m = 8
