[1 0 0 0 0 0 0 0 0 0 0 0 0 0 0 0 0 0 0 0 0 0 0 0 0 0 1 0 1 0 1 0 0 0 1 0 0 1 1 1 0 1 1 1 0 1 0 0 1 1 1 1 0 0 0 0 1 0 0 1 0 1 0 0 0 1 0 0 0 1 0 0 0 1 1 0 1 0 0 1 1 0 1 1 1 1 0 0 1 0 1 1 0 0]
[0 1 0 0 0 0 0 0 0 0 0 0 0 0 0 0 0 0 0 0 0 0 1 0 1 0 1 1 1 0 0 0 1 0 1 0 1 0 0 0 1 1 0 0 0 1 1 0 1 1 1 0 1 0 0 0 1 1 1 1 1 0 1 0 0 1 1 1 0 1 0 1 1 1 1 0 1 0 1 1 1 0 0 0 1 0 0 0 1 1 0 1 1 1]
[0 0 1 0 0 0 0 0 0 0 0 0 0 0 0 0 0 0 0 0 0 0 1 1 1 1 1 0 1 0 0 1 0 1 0 0 0 0 1 0 1 1 1 1 1 1 0 1 1 0 0 0 1 1 0 0 1 0 1 0 0 0 1 1 0 0 0 1 0 0 1 1 0 0 0 1 1 1 1 1 0 0 0 1 0 1 1 1 1 0 0 1 1 0]
[0 0 0 1 0 0 0 0 0 0 0 0 0 0 0 0 0 0 0 0 0 1 1 1 1 0 0 1 0 1 0 0 0 0 1 1 0 0 1 1 0 0 0 1 1 1 0 1 0 0 1 1 0 1 0 0 0 0 1 1 0 1 0 0 0 1 0 1 0 1 1 0 0 0 1 1 0 0 1 1 1 0 0 1 0 1 1 1 0 0 0 1 1 1]
[0 0 0 0 1 0 0 0 0 0 0 0 0 0 0 0 0 0 0 0 0 0 1 0 0 0 0 0 0 1 1 1 0 0 0 1 0 0 1 0 0 1 1 1 1 0 0 1 0 1 1 1 0 1 0 1 0 0 1 0 1 0 1 1 0 1 0 1 1 1 0 0 1 1 0 0 0 0 1 0 0 1 1 0 1 1 1 1 0 1 0 1 1 0]
[0 0 0 0 0 1 0 0 0 0 0 0 0 0 0 0 0 0 0 0 0 1 0 0 0 1 1 0 0 0 1 0 1 0 1 1 0 0 1 1 0 1 0 0 1 1 1 1 0 0 0 1 1 1 1 0 1 1 0 0 0 0 1 1 0 0 1 1 1 0 0 1 1 1 1 0 1 0 0 0 1 0 1 1 0 1 0 0 0 0 0 1 1 0]
[0 0 0 0 0 0 1 0 0 0 0 0 0 0 0 0 0 0 0 0 0 1 0 0 0 1 1 1 0 0 1 0 1 1 0 1 1 0 1 0 1 1 1 0 1 1 0 1 1 1 1 1 1 0 1 0 1 0 1 1 1 1 0 1 1 0 1 1 1 1 1 0 0 1 0 1 1 0 0 0 1 0 1 1 1 0 1 1 1 0 1 0 0 1]
[0 0 0 0 0 0 0 1 0 0 0 0 0 0 0 0 0 0 0 0 0 0 0 0 1 0 1 1 0 0 0 0 1 1 1 1 0 0 1 1 1 0 0 1 0 1 0 0 1 1 1 0 0 0 1 1 1 1 1 1 1 0 0 0 1 0 0 1 0 1 1 1 0 1 0 1 0 0 0 0 0 1 1 1 0 1 0 0 0 1 0 1 1 1]
[0 0 0 0 0 0 0 0 1 0 0 0 0 0 0 0 0 0 0 0 0 1 1 0 1 1 0 1 1 0 1 1 0 1 0 0 0 1 1 0 1 0 0 0 0 1 1 1 1 1 0 0 0 1 0 0 1 0 0 1 1 1 0 1 0 1 1 0 0 1 1 0 0 1 1 0 1 0 0 1 0 1 0 1 1 0 0 1 0 0 1 0 0 0]
[0 0 0 0 0 0 0 0 0 1 0 0 0 0 0 0 0 0 0 0 0 0 0 0 0 0 1 1 0 1 0 1 1 0 1 1 1 0 0 0 1 0 0 0 1 0 0 1 1 1 1 1 1 1 1 0 0 0 0 1 1 1 1 1 0 0 0 1 1 0 1 0 0 0 0 0 0 0 0 1 0 1 0 0 0 0 1 0 0 1 0 1 1 0]
[0 0 0 0 0 0 0 0 0 0 1 0 0 0 0 0 0 0 0 0 0 1 0 1 1 1 0 0 0 1 0 0 1 1 1 0 1 1 0 0 0 1 1 0 0 0 0 1 1 0 1 0 0 0 0 1 0 0 1 0 0 0 0 1 1 0 1 1 0 1 0 0 0 0 1 0 1 1 1 1 0 0 0 1 0 1 1 0 0 1 0 0 1 1]
[0 0 0 0 0 0 0 0 0 0 0 1 0 0 0 0 0 0 0 0 0 1 0 0 1 0 0 0 0 1 1 0 1 1 0 0 1 0 1 1 1 0 1 1 0 1 1 0 1 0 0 1 1 1 1 1 1 0 1 1 1 0 0 0 0 1 0 1 1 1 1 1 1 0 1 0 0 1 1 1 1 1 1 0 1 0 1 1 1 1 1 1 1 0]
[0 0 0 0 0 0 0 0 0 0 0 0 1 0 0 0 0 0 0 0 0 0 1 0 1 1 0 0 1 0 1 0 0 1 1 1 1 1 1 0 1 1 0 1 0 1 1 1 1 0 0 0 1 1 0 0 1 1 1 1 0 1 0 1 0 1 1 0 1 0 0 0 1 0 1 1 0 1 1 1 1 1 1 0 1 1 1 1 0 1 0 0 1 1]
[0 0 0 0 0 0 0 0 0 0 0 0 0 1 0 0 0 0 0 0 0 0 1 1 1 0 0 0 0 1 1 0 1 0 0 0 1 0 0 0 1 0 1 1 0 1 1 1 0 0 1 1 1 0 1 1 1 1 1 1 1 0 0 1 0 0 0 1 0 1 0 1 0 1 1 1 1 1 0 1 1 0 0 1 1 1 1 1 0 0 1 0 0 1]
[0 0 0 0 0 0 0 0 0 0 0 0 0 0 1 0 0 0 0 0 0 1 0 1 1 0 1 1 1 1 1 1 0 1 0 1 0 0 1 1 1 1 1 0 1 0 0 0 0 1 0 0 1 1 1 1 1 0 0 0 0 1 0 0 1 0 1 1 1 1 0 1 1 0 0 0 0 1 0 0 1 1 1 1 1 1 0 0 1 1 0 0 1 0]
[0 0 0 0 0 0 0 0 0 0 0 0 0 0 0 1 0 0 0 0 0 0 1 0 0 0 1 0 0 0 0 0 0 1 1 0 1 1 0 1 1 1 1 0 1 0 1 0 1 1 0 1 0 0 1 0 1 0 0 1 1 1 0 1 0 0 1 0 1 1 1 0 1 0 0 1 0 0 0 1 0 1 0 1 1 1 1 0 0 1 0 0 1 1]
[0 0 0 0 0 0 0 0 0 0 0 0 0 0 0 0 1 0 0 0 0 0 1 0 0 0 1 0 1 0 0 1 0 0 1 1 0 0 0 1 0 0 1 1 0 0 1 0 1 1 0 0 1 0 0 0 0 1 0 0 0 0 1 1 1 0 1 1 0 1 1 1 1 0 1 1 1 1 1 0 0 0 1 1 1 0 1 0 0 1 1 1 1 0]
[0 0 0 0 0 0 0 0 0 0 0 0 0 0 0 0 0 1 0 0 0 0 0 1 1 0 0 0 0 0 1 1 1 0 0 0 0 1 0 1 1 1 1 0 0 0 0 0 0 1 1 1 1 1 0 0 0 1 1 0 1 0 0 1 1 0 0 1 1 0 1 0 0 0 0 0 1 1 1 1 1 0 1 1 1 1 1 1 0 0 0 1 1 1]
[0 0 0 0 0 0 0 0 0 0 0 0 0 0 0 0 0 0 1 0 0 0 1 1 1 1 0 1 1 0 0 0 0 1 1 0 0 1 1 1 1 0 1 1 1 1 0 0 0 1 0 1 1 0 0 1 0 0 0 0 1 0 0 1 0 0 1 0 0 1 0 0 0 1 0 0 0 1 1 1 1 1 0 0 1 0 1 1 1 1 0 0 1 0]
[0 0 0 0 0 0 0 0 0 0 0 0 0 0 0 0 0 0 0 1 0 0 0 0 0 0 1 1 0 0 1 0 0 0 1 0 0 0 0 1 0 0 0 0 0 1 0 0 1 0 1 1 0 0 1 1 0 1 1 0 1 1 0 1 1 1 1 1 1 0 1 0 0 0 0 1 0 1 1 0 0 1 0 0 1 1 0 0 0 1 0 0 0 1]
[0 0 0 0 0 0 0 0 0 0 0 0 0 0 0 0 0 0 0 0 1 1 1 0 1 1 0 0 0 1 0 0 0 1 0 1 0 0 1 0 0 0 1 0 0 1 0 1 0 1 0 0 0 1 1 0 0 1 1 1 1 1 1 0 0 1 1 0 0 1 1 1 1 1 1 1 1 0 1 1 0 0 1 1 0 0 1 1 0 1 1 0 1 0]
(0, 0, 1, 0, 0, 1, 1, 1, 0, 1, 0, 0, 0, 0, 1, 0, 1, 0, 1, 0, 0)
[1, 1, 0, 0, 0, 0, 0, 1]
n = 94
k = 73
t = 3
m = 7
