[1 0 0 0 0 0 0 0 0 0 0 0 0 0 0 0 0 0 0 0 0 0 0 0 0 0 0 0 0 0 1 1 1 0 1 0 0 1 0 1 1 1 0 0 1 0 1 0 0 1 1 1 0 0 1 0 0 1 1 0 1 1 0 0 1 1 1 0 0 0 1 1 0 1 0 0 0 0 1 0 1 0 1 0 0 1 1 1 0 0 0 1 0 1 0 0 0 1 1 1 0 1]
[0 1 0 0 0 0 0 0 0 0 0 0 0 0 0 0 0 0 0 0 0 0 0 0 0 0 0 0 1 0 1 0 1 0 0 1 0 0 1 1 1 1 1 0 1 0 0 0 1 1 1 1 1 1 0 1 0 0 0 0 1 1 0 0 1 0 0 1 1 0 1 1 1 1 1 1 0 1 0 0 0 1 0 0 0 0 1 1 1 1 0 1 0 0 0 0 0 0 0 1 1 0]
[0 0 1 0 0 0 0 0 0 0 0 0 0 0 0 0 0 0 0 0 0 0 0 0 0 0 0 0 0 0 0 1 1 0 0 1 0 0 0 0 0 0 1 1 1 1 0 1 0 1 0 0 0 1 0 0 1 1 1 1 1 0 1 0 1 0 0 1 1 1 0 0 1 0 0 0 1 1 1 1 1 1 0 0 0 1 0 1 0 1 1 0 0 0 1 1 0 1 0 1 1 1]
[0 0 0 1 0 0 0 0 0 0 0 0 0 0 0 0 0 0 0 0 0 0 0 0 0 0 0 0 0 1 1 1 0 0 1 1 0 0 1 0 0 1 0 1 0 1 0 1 0 1 0 1 1 0 0 1 1 0 0 1 0 0 0 1 0 1 0 0 1 0 0 1 0 1 1 0 0 0 1 1 1 0 0 0 0 1 1 1 1 0 0 0 1 0 0 1 0 1 0 1 1 0]
[0 0 0 0 1 0 0 0 0 0 0 0 0 0 0 0 0 0 0 0 0 0 0 0 0 0 0 0 1 0 1 0 1 0 0 1 1 0 0 0 0 1 0 0 1 0 1 1 0 1 1 0 1 0 0 1 0 1 0 0 1 1 0 1 0 0 1 0 0 1 1 1 1 0 0 0 1 0 0 0 1 1 0 0 0 0 0 1 0 1 1 1 0 1 0 1 0 1 1 0 1 1]
[0 0 0 0 0 1 0 0 0 0 0 0 0 0 0 0 0 0 0 0 0 0 0 0 0 0 0 0 0 0 0 1 1 1 1 1 1 0 0 0 0 1 0 0 0 0 0 1 1 1 1 0 1 1 0 0 0 1 0 1 0 1 0 1 1 0 1 0 0 1 1 0 1 0 1 1 1 0 0 0 0 0 0 1 0 0 1 0 1 0 1 1 0 1 0 0 0 1 1 1 0 0]
[0 0 0 0 0 0 1 0 0 0 0 0 0 0 0 0 0 0 0 0 0 0 0 0 0 0 0 0 1 0 1 0 0 1 1 1 1 0 1 0 0 1 1 0 1 1 1 1 1 0 1 1 1 0 1 1 1 1 0 1 0 0 0 0 1 0 0 1 0 1 0 1 0 0 1 0 0 0 1 1 1 1 0 0 0 1 1 0 0 1 1 1 0 0 1 1 1 1 1 1 0 1]
[0 0 0 0 0 0 0 1 0 0 0 0 0 0 0 0 0 0 0 0 0 0 0 0 0 0 0 0 1 0 0 1 0 1 0 1 0 1 0 1 1 0 1 0 1 1 0 0 0 0 1 0 1 0 1 0 1 1 0 1 1 1 1 0 1 0 1 1 0 1 0 0 1 1 0 1 1 1 1 0 0 1 1 1 0 0 0 0 0 0 1 0 0 0 1 1 1 0 0 1 0 0]
[0 0 0 0 0 0 0 0 1 0 0 0 0 0 0 0 0 0 0 0 0 0 0 0 0 0 0 0 1 1 1 0 1 1 1 0 0 1 0 1 0 1 0 1 0 1 0 1 1 1 1 0 1 1 1 0 1 1 1 1 1 0 1 0 1 1 0 0 1 1 1 1 1 1 1 0 1 0 1 0 1 1 1 0 1 1 1 0 1 1 1 1 0 0 1 0 0 1 1 0 0 0]
[0 0 0 0 0 0 0 0 0 1 0 0 0 0 0 0 0 0 0 0 0 0 0 0 0 0 0 0 0 0 1 0 0 1 0 1 0 0 0 0 0 0 0 1 1 1 1 1 1 0 0 0 0 0 0 0 0 0 0 1 0 0 0 1 0 0 0 0 1 1 1 1 1 0 1 0 1 1 0 0 1 0 1 1 0 1 0 0 1 0 1 1 0 1 0 1 0 1 1 0 0 0]
[0 0 0 0 0 0 0 0 0 0 1 0 0 0 0 0 0 0 0 0 0 0 0 0 0 0 0 0 1 1 0 0 0 0 0 1 0 0 0 0 0 1 1 1 1 1 1 0 1 0 1 1 1 0 0 0 0 1 1 0 1 1 0 1 0 0 0 0 1 0 1 1 0 0 1 0 1 1 1 0 1 0 1 0 0 1 1 0 1 0 0 1 0 0 1 0 0 0 0 1 0 0]
[0 0 0 0 0 0 0 0 0 0 0 1 0 0 0 0 0 0 0 0 0 0 0 0 0 0 0 0 0 1 0 0 1 0 0 0 1 0 1 1 0 0 1 1 0 1 0 1 1 1 1 1 1 0 1 1 0 1 0 1 1 0 0 0 1 1 0 0 0 0 1 1 0 1 1 1 0 1 0 0 1 1 1 1 0 1 0 0 1 0 0 0 0 0 0 1 1 1 1 1 1 0]
[0 0 0 0 0 0 0 0 0 0 0 0 1 0 0 0 0 0 0 0 0 0 0 0 0 0 0 0 1 1 0 1 0 0 0 1 0 1 1 0 1 1 1 1 0 1 0 1 1 0 1 1 0 0 0 1 1 0 1 1 0 0 1 0 0 1 1 1 1 1 1 1 1 1 0 1 0 1 1 0 0 1 1 1 1 1 1 0 0 1 0 1 0 0 0 1 1 1 1 0 0 0]
[0 0 0 0 0 0 0 0 0 0 0 0 0 1 0 0 0 0 0 0 0 0 0 0 0 0 0 0 0 1 0 0 1 1 0 0 1 1 1 0 1 1 1 0 1 0 1 1 0 1 1 1 0 0 0 1 0 1 0 0 1 1 0 0 0 0 0 0 1 1 0 1 1 1 1 1 0 1 0 1 1 1 0 0 1 0 0 1 1 0 0 1 1 1 0 0 0 1 0 1 1 1]
[0 0 0 0 0 0 0 0 0 0 0 0 0 0 1 0 0 0 0 0 0 0 0 0 0 0 0 0 1 0 1 0 0 0 1 0 0 1 1 0 1 1 1 0 1 0 0 1 1 1 1 0 1 0 0 0 0 0 1 1 1 1 1 0 0 0 0 0 0 0 0 1 1 1 1 0 0 0 0 1 1 0 0 1 0 0 1 0 0 1 0 0 0 1 0 0 0 0 1 0 0 0]
[0 0 0 0 0 0 0 0 0 0 0 0 0 0 0 1 0 0 0 0 0 0 0 0 0 0 0 0 0 1 1 0 1 1 0 0 1 0 1 0 0 0 1 0 1 0 0 0 0 1 0 1 1 1 1 0 0 0 0 0 0 0 0 0 0 0 1 1 1 0 1 1 0 1 0 1 1 1 1 1 1 0 0 1 1 0 0 0 1 0 0 0 1 1 0 1 1 1 1 0 0 1]
[0 0 0 0 0 0 0 0 0 0 0 0 0 0 0 0 1 0 0 0 0 0 0 0 0 0 0 0 1 0 0 0 0 0 1 0 0 0 0 1 1 1 1 0 0 1 0 1 1 0 1 0 1 1 0 0 1 1 0 1 0 0 1 1 0 1 0 0 1 1 1 1 1 0 1 0 0 1 1 1 0 0 1 1 0 0 1 0 0 1 1 1 0 1 0 1 1 0 0 0 1 0]
[0 0 0 0 0 0 0 0 0 0 0 0 0 0 0 0 0 1 0 0 0 0 0 0 0 0 0 0 0 1 0 0 0 1 1 1 1 1 1 0 0 0 0 0 1 1 1 1 1 0 1 0 0 0 0 0 1 1 0 0 1 0 1 1 1 1 0 0 1 0 1 1 0 0 1 0 1 1 1 1 1 0 0 0 1 0 0 0 1 1 0 1 0 0 0 0 1 1 1 0 1 1]
[0 0 0 0 0 0 0 0 0 0 0 0 0 0 0 0 0 0 1 0 0 0 0 0 0 0 0 0 1 0 0 1 0 1 1 1 0 0 0 1 1 1 1 0 0 1 1 0 0 1 1 1 1 1 0 0 1 0 0 1 1 1 0 1 0 1 0 1 1 0 0 1 0 0 1 1 1 1 1 1 1 0 0 1 1 1 1 1 1 1 0 1 1 1 1 0 0 0 1 0 0 1]
[0 0 0 0 0 0 0 0 0 0 0 0 0 0 0 0 0 0 0 1 0 0 0 0 0 0 0 0 0 1 0 0 1 1 0 0 0 0 0 1 0 0 1 0 1 0 0 1 1 0 1 1 1 0 0 0 0 0 1 0 1 1 0 1 1 1 0 0 1 0 1 0 1 1 0 1 0 1 0 1 0 0 1 0 1 1 1 1 0 0 1 0 0 1 0 1 0 1 1 1 0 0]
[0 0 0 0 0 0 0 0 0 0 0 0 0 0 0 0 0 0 0 0 1 0 0 0 0 0 0 0 1 0 0 1 0 1 0 0 1 1 0 1 0 1 0 1 1 1 1 0 1 1 1 1 0 0 0 1 1 1 0 0 0 0 0 0 0 0 0 1 1 0 0 0 0 1 0 0 0 1 1 1 0 0 0 1 1 0 1 1 0 0 1 0 1 1 1 1 0 0 0 1 1 1]
[0 0 0 0 0 0 0 0 0 0 0 0 0 0 0 0 0 0 0 0 0 1 0 0 0 0 0 0 1 0 1 1 0 1 1 1 1 0 0 0 0 0 1 1 1 0 1 1 1 1 1 0 1 1 0 1 1 0 1 0 1 0 0 0 1 0 1 0 0 1 1 0 0 1 0 0 1 0 0 1 0 0 1 1 1 1 1 1 0 0 1 0 0 1 1 1 1 0 1 0 0 0]
[0 0 0 0 0 0 0 0 0 0 0 0 0 0 0 0 0 0 0 0 0 0 1 0 0 0 0 0 1 1 1 0 0 0 1 1 1 1 0 1 1 0 0 1 1 1 1 0 1 1 1 0 0 1 1 0 0 0 1 0 0 1 0 0 0 1 0 0 0 0 0 1 1 0 0 1 0 1 1 1 0 0 1 1 1 0 1 0 0 1 1 0 1 0 0 0 0 1 1 1 0 0]
[0 0 0 0 0 0 0 0 0 0 0 0 0 0 0 0 0 0 0 0 0 0 0 1 0 0 0 0 0 1 0 1 1 0 0 1 0 0 1 1 1 1 1 0 1 0 1 0 1 1 0 0 0 1 1 0 1 1 0 1 1 0 0 1 1 0 0 0 0 1 0 1 1 0 0 1 0 1 1 0 0 0 0 1 1 1 0 1 0 1 0 0 0 1 0 1 1 1 1 0 0 0]
[0 0 0 0 0 0 0 0 0 0 0 0 0 0 0 0 0 0 0 0 0 0 0 0 1 0 0 0 0 1 0 0 1 0 0 1 0 0 1 0 0 1 0 0 1 0 0 1 1 0 1 1 0 1 0 1 0 1 1 1 0 1 1 1 0 1 1 0 0 1 1 1 0 1 1 0 0 1 1 1 0 1 0 0 0 0 0 1 0 1 0 1 0 1 1 1 0 0 1 1 1 1]
[0 0 0 0 0 0 0 0 0 0 0 0 0 0 0 0 0 0 0 0 0 0 0 0 0 1 0 0 0 1 1 0 0 0 0 0 0 0 1 1 1 1 1 1 0 0 0 0 1 0 0 1 1 0 0 1 1 1 1 0 1 1 0 1 1 1 0 0 0 0 0 0 0 1 0 0 1 1 0 1 1 1 0 1 0 0 1 1 0 0 1 1 1 1 1 1 0 1 1 0 1 0]
[0 0 0 0 0 0 0 0 0 0 0 0 0 0 0 0 0 0 0 0 0 0 0 0 0 0 1 0 1 1 1 0 1 0 1 1 1 0 1 1 1 0 1 1 1 1 1 0 1 0 0 0 0 1 1 0 1 1 1 0 1 0 0 1 0 0 0 1 1 1 0 1 0 0 0 1 1 1 0 1 1 1 1 1 0 1 0 1 1 1 1 1 0 1 0 0 0 0 0 1 1 0]
[0 0 0 0 0 0 0 0 0 0 0 0 0 0 0 0 0 0 0 0 0 0 0 0 0 0 0 1 0 1 1 0 0 1 1 1 1 1 0 0 1 0 1 1 0 1 0 1 1 1 0 1 0 0 0 0 0 1 1 0 1 0 1 0 0 0 0 1 1 1 0 0 0 0 1 1 1 0 0 0 1 1 0 0 1 1 1 0 0 0 1 0 1 0 0 0 1 0 1 0 0 1]
(1, 1, 0, 1, 1, 1, 0, 0, 0, 1, 0, 0, 1, 0, 1, 0, 0, 1, 0, 1, 1, 1, 1, 1, 1, 0, 0, 0)
[1, 1, 0, 0, 0, 0, 0, 1]
n = 102
k = 74
t = 4
m = 7
