[1 0 0 0 0 0 0 0 0 0 0 0 0 0 0 0 0 0 0 0 0 0 0 0 0 0 0 0 1 1 1 1 1 1 0 0 1 1 1 0 1 0 1 0 0 0 1 1 1 1 0 1 0 1 0 0 0 1 1 1 0 0 0 0 0 1 0 0 1 0 1 1 0 1 1 0 1 1 1 1 1 0 1 1 1 1 0 1 1]
[0 1 0 0 0 0 0 0 0 0 0 0 0 0 0 0 0 0 0 0 0 0 0 0 0 0 0 0 1 1 0 1 1 0 1 0 0 0 1 0 1 0 1 1 1 1 1 1 0 1 0 0 0 0 1 0 0 1 0 1 1 0 0 1 1 0 1 0 1 0 0 1 0 0 0 0 1 0 1 0 1 1 1 0 0 0 1 0 1]
[0 0 1 0 0 0 0 0 0 0 0 0 0 0 0 0 0 0 0 0 0 0 0 0 0 0 0 0 0 0 1 1 1 1 0 0 0 1 1 0 0 1 1 1 1 0 0 0 1 0 1 1 0 1 0 0 1 1 1 0 0 0 1 1 0 1 0 1 0 0 0 1 0 1 1 0 1 1 1 1 0 1 0 1 1 0 0 0 0]
[0 0 0 1 0 0 0 0 0 0 0 0 0 0 0 0 0 0 0 0 0 0 0 0 0 0 0 0 0 1 0 1 0 0 1 1 0 0 1 0 0 0 0 1 1 0 1 0 0 1 1 1 1 0 1 1 0 1 1 1 1 0 1 0 0 0 0 1 1 0 1 0 1 0 1 0 1 1 0 1 0 1 1 1 0 1 0 1 0]
[0 0 0 0 1 0 0 0 0 0 0 0 0 0 0 0 0 0 0 0 0 0 0 0 0 0 0 0 0 0 1 0 1 1 0 0 1 0 0 0 0 0 0 0 0 0 0 0 1 1 1 0 0 1 1 0 0 0 1 0 0 0 0 1 1 0 0 0 0 1 1 1 1 0 0 0 0 1 1 1 1 1 1 1 1 0 0 0 0]
[0 0 0 0 0 1 0 0 0 0 0 0 0 0 0 0 0 0 0 0 0 0 0 0 0 0 0 0 1 1 1 0 0 0 0 1 0 1 0 1 0 0 1 1 1 0 0 1 1 0 0 0 0 1 1 0 1 1 0 1 0 1 1 1 1 0 1 0 1 0 0 1 0 0 1 1 1 0 0 1 0 0 0 1 1 0 0 1 0]
[0 0 0 0 0 0 1 0 0 0 0 0 0 0 0 0 0 0 0 0 0 0 0 0 0 0 0 0 1 0 1 1 1 0 1 1 1 0 1 1 0 0 0 1 0 1 1 0 1 1 0 0 1 0 1 1 1 1 0 0 0 1 1 1 0 0 1 1 0 1 1 0 1 1 0 1 1 0 1 0 0 1 0 1 0 1 0 0 1]
[0 0 0 0 0 0 0 1 0 0 0 0 0 0 0 0 0 0 0 0 0 0 0 0 0 0 0 0 0 1 1 0 1 0 1 1 1 0 1 0 0 0 0 0 1 1 0 1 1 0 1 0 1 1 1 1 0 0 1 1 0 1 1 0 0 1 0 0 0 1 1 1 0 0 0 1 0 0 1 1 1 0 0 1 1 1 1 1 1]
[0 0 0 0 0 0 0 0 1 0 0 0 0 0 0 0 0 0 0 0 0 0 0 0 0 0 0 0 0 1 0 1 0 0 0 1 0 1 0 0 0 0 1 0 0 0 0 1 0 1 1 0 0 1 0 0 0 0 1 1 1 1 0 0 0 1 1 1 0 1 0 0 0 1 1 0 0 0 0 1 0 1 0 1 1 1 0 0 1]
[0 0 0 0 0 0 0 0 0 1 0 0 0 0 0 0 0 0 0 0 0 0 0 0 0 0 0 0 1 1 0 1 0 0 0 1 0 1 0 0 1 1 1 1 0 0 0 0 1 0 0 0 0 0 0 0 1 1 1 0 0 1 1 1 0 0 0 1 1 0 1 0 1 0 1 1 0 1 1 1 0 1 0 1 0 0 1 0 0]
[0 0 0 0 0 0 0 0 0 0 1 0 0 0 0 0 0 0 0 0 0 0 0 0 0 0 0 0 1 0 0 0 0 1 1 0 0 0 0 0 0 1 0 1 1 0 1 1 1 1 1 1 0 0 0 1 0 1 0 0 1 0 0 0 0 0 1 1 0 1 0 0 1 1 0 1 1 1 1 0 0 0 0 1 1 0 0 1 0]
[0 0 0 0 0 0 0 0 0 0 0 1 0 0 0 0 0 0 0 0 0 0 0 0 0 0 0 0 1 1 1 1 0 0 1 1 0 0 1 0 1 1 0 1 0 0 0 0 1 0 0 0 1 0 0 1 1 0 1 0 0 0 1 0 1 1 1 0 1 0 0 1 0 0 0 1 0 0 1 0 0 1 0 0 1 0 0 1 0]
[0 0 0 0 0 0 0 0 0 0 0 0 1 0 0 0 0 0 0 0 0 0 0 0 0 0 0 0 1 1 1 0 0 1 1 0 0 1 0 0 1 1 0 0 0 0 0 0 1 1 1 1 0 0 0 1 0 0 1 0 1 1 1 0 0 0 0 1 0 1 1 0 1 1 1 0 0 1 0 0 1 0 1 1 0 0 1 0 0]
[0 0 0 0 0 0 0 0 0 0 0 0 0 1 0 0 0 0 0 0 0 0 0 0 0 0 0 0 1 1 1 0 0 1 1 1 1 0 1 1 0 1 0 0 1 0 1 1 0 1 0 0 0 0 1 0 0 1 1 0 0 1 0 0 1 1 0 1 1 0 1 0 1 1 0 1 1 0 1 1 0 1 1 0 1 0 0 0 1]
[0 0 0 0 0 0 0 0 0 0 0 0 0 0 1 0 0 0 0 0 0 0 0 0 0 0 0 0 0 0 1 0 1 0 1 1 1 0 1 1 0 1 1 1 0 0 0 0 1 1 1 0 0 0 1 0 0 1 1 0 0 0 0 0 0 1 0 0 1 0 1 0 0 0 0 0 0 1 1 1 1 0 1 0 0 0 0 1 1]
[0 0 0 0 0 0 0 0 0 0 0 0 0 0 0 1 0 0 0 0 0 0 0 0 0 0 0 0 0 0 1 1 0 0 1 0 1 1 0 1 0 0 0 0 1 0 1 0 0 0 1 0 1 0 0 0 0 0 0 1 0 0 0 0 1 1 1 0 1 0 0 0 0 0 0 1 1 1 0 1 1 1 1 1 0 0 1 0 1]
[0 0 0 0 0 0 0 0 0 0 0 0 0 0 0 0 1 0 0 0 0 0 0 0 0 0 0 0 1 0 1 1 0 0 0 1 1 1 0 0 1 1 1 0 0 1 0 1 1 1 0 1 1 0 0 0 1 0 0 1 0 1 0 0 0 0 0 0 1 0 1 1 1 1 1 0 0 0 0 1 0 1 0 1 0 0 1 0 1]
[0 0 0 0 0 0 0 0 0 0 0 0 0 0 0 0 0 1 0 0 0 0 0 0 0 0 0 0 0 0 1 0 1 0 0 1 1 1 1 0 1 0 1 1 0 0 0 1 1 0 0 1 0 1 1 0 1 1 1 0 1 0 0 1 1 1 1 1 1 1 0 0 1 0 0 1 0 1 1 0 1 1 1 0 0 1 1 1 1]
[0 0 0 0 0 0 0 0 0 0 0 0 0 0 0 0 0 0 1 0 0 0 0 0 0 0 0 0 0 0 0 0 1 0 1 1 0 1 1 0 0 0 1 1 0 1 0 0 1 1 0 1 0 0 0 1 0 0 0 1 1 1 0 0 1 0 1 0 1 1 1 0 0 0 1 1 0 1 1 0 1 0 0 1 1 0 1 1 0]
[0 0 0 0 0 0 0 0 0 0 0 0 0 0 0 0 0 0 0 1 0 0 0 0 0 0 0 0 1 1 1 0 1 0 1 0 1 1 1 1 0 0 1 1 0 1 1 1 1 0 0 1 0 0 0 1 0 1 1 1 1 0 1 1 1 0 0 1 1 1 0 1 1 1 1 0 1 1 0 0 1 1 1 1 1 1 0 1 0]
[0 0 0 0 0 0 0 0 0 0 0 0 0 0 0 0 0 0 0 0 1 0 0 0 0 0 0 0 0 1 1 1 1 1 0 1 0 0 0 0 1 0 1 0 0 1 1 0 0 1 0 0 1 1 0 0 0 0 0 1 1 1 0 0 0 1 0 1 0 0 0 1 1 0 0 1 0 1 0 1 0 1 0 0 1 0 1 0 1]
[0 0 0 0 0 0 0 0 0 0 0 0 0 0 0 0 0 0 0 0 0 1 0 0 0 0 0 0 0 0 0 0 1 1 0 0 1 0 0 0 1 0 1 1 1 0 1 0 0 1 0 0 1 0 1 1 1 0 1 1 1 0 1 1 1 1 1 1 1 1 1 0 0 1 1 0 0 0 0 0 1 1 0 0 1 0 0 1 0]
[0 0 0 0 0 0 0 0 0 0 0 0 0 0 0 0 0 0 0 0 0 0 1 0 0 0 0 0 1 1 0 0 0 0 1 0 1 0 0 0 0 1 1 0 1 0 1 0 1 1 1 0 0 0 1 1 1 0 0 0 1 0 1 0 1 1 1 1 0 1 0 1 1 1 0 0 1 0 0 1 1 0 0 1 0 1 0 0 0]
[0 0 0 0 0 0 0 0 0 0 0 0 0 0 0 0 0 0 0 0 0 0 0 1 0 0 0 0 0 1 0 0 0 0 0 0 0 0 1 0 1 0 1 1 0 1 0 0 0 0 1 1 0 0 1 1 1 0 1 1 0 1 1 1 0 1 0 1 0 0 1 0 1 0 1 0 1 1 0 1 1 1 0 0 0 1 1 0 1]
[0 0 0 0 0 0 0 0 0 0 0 0 0 0 0 0 0 0 0 0 0 0 0 0 1 0 0 0 1 1 0 1 1 0 0 0 1 1 1 1 1 1 1 1 0 0 0 0 1 1 1 1 0 1 1 1 0 0 1 1 1 0 0 0 1 0 0 1 0 1 0 0 0 0 0 0 1 1 0 0 1 0 1 0 0 1 1 1 0]
[0 0 0 0 0 0 0 0 0 0 0 0 0 0 0 0 0 0 0 0 0 0 0 0 0 1 0 0 0 1 1 0 0 0 0 1 1 0 0 1 1 1 0 1 0 0 0 0 0 1 1 1 1 1 1 1 1 1 1 0 1 0 0 0 1 0 1 1 1 0 0 0 0 1 1 1 1 0 0 0 0 1 1 0 0 0 0 0 1]
[0 0 0 0 0 0 0 0 0 0 0 0 0 0 0 0 0 0 0 0 0 0 0 0 0 0 1 0 1 0 1 1 1 1 0 1 1 0 1 1 1 0 1 1 0 0 1 1 1 0 1 1 1 1 1 1 0 0 1 1 1 0 1 1 1 1 0 1 0 1 0 1 1 0 1 0 1 1 1 1 0 0 0 0 0 1 0 0 0]
[0 0 0 0 0 0 0 0 0 0 0 0 0 0 0 0 0 0 0 0 0 0 0 0 0 0 0 1 0 1 1 1 1 1 0 0 1 1 1 0 1 1 1 0 1 1 0 1 1 0 1 1 0 0 1 0 1 1 0 1 1 0 1 1 0 0 1 1 1 0 1 1 1 1 0 0 0 0 1 1 1 1 1 0 1 1 0 1 0]
(0, 0, 0, 1, 1, 0, 1, 0, 0, 1, 1, 1, 1, 0, 0, 1, 0, 0, 1, 0, 1, 1, 0, 1, 0, 1, 0, 1)
[1, 1, 0, 0, 0, 0, 0, 1]
n = 89
k = 61
t = 4
m = 7
